8080
8080
8080
8332
8332
8332
8332
4778
4778
5975
5975
5975
5975
5975
5975
6754
6754
6754
6754
7322
7322
7322
7322
7322
4595
4595
4595
5966
6022
1238
1238
1238
3851
3851
3851
3851
3851
5981
5981
5981
124
124
124
124
124
124
3846
3846
3846
3846
3846
3846
3846
4357
4357
4357
4357
4357
11391
6186
6186
6186
6186
6186
7688
7688
7688
7688
7688
7688
7478
7478
7478
7478
7496
7496
7496
7496
7496
7536
7536
7536
7536
7578
7578
7578
4369
4369
4369
4595
4595
4595
4732
6433
6433
6350
6350
7536
7688
7688
7688
4485
4485
4485
4485
4485
4392
3846
3846
3846
3846
3846
3846
3846
3846
3846
3846
3846
3846
3846
3846
3846
3846
3846
3846
5068
5059
5059
5059
5059
5068
5068
5068
6350
6358
6358
1549
1549
1549
1549
1549
4390
4390
4390
4390
4390
5317
5397
6476
6476
6476
6476
6476
6476
1700
1700
1700
1700
1700
5317
5317
5317
5317
1509
1509
1509
1509
6476
6476
6476
5317
5317
7478
7478
7478
5959
634
634
634
634
634
5397
5397
5397
5981
5981
5975
5975
6008
6008
6008
3851
3851
6754
6893
7882
7882
7882
7882
7882
4778
4778
4778
4778
4778
4544
4544
4595
4595
4595
4595
4595
4595
2563
2563
2563
2563
2563
1543
1543
1543
1543
2081
2081
2081
2081
2081
3
3
256
256
256
256
2785
2785
2785
2785
2509
50
50
50
50
50
50
31
31
31
31
31
1791
1791
1791
1791
1791
1993
1932
1932
1932
1930
1930
4257
4257
4257
4257
4257
4352
4352
4352
4352
4352
1942
1993
1993
1993
1993
1993
1993
1993
1993
3128
3128
3128
3128
3128
3125
3125
3125
3125
707
1990
1990
3308
3308
3308
3308
3308
3233
1080
1080
1080
1080
1080
441
441
441
441
441
441
1109
1109
1109
1109
580
580
580
3308
3308
3510
3510
3510
3510
3510
1080
1080
1993
1993
1549
4369
4369
4369
4369
4419
3520
3520
3520
575
575
575
575
1902
1902
3846
3887
3887
3696
1990
3696
3696
3696
3696
3696
3696
3887
3887
3887
3887
3887
3887
1942
1942
1942
1942
1906
1906
1906
1906
1906
1993
1932
1932
1932
1932
1932
1932
1993
3846
3846
3846
3846
3846
4357
4357
4357
4357
4357
35853
3829
1525
1993
1993
1993
1993
1993
1993
1993
1993
1993
1993
1993
1993
1993
1316
1316
2031
2031
2031
2031
879
879
879
879
1401
1401
1401
1401
1525
1525
1525
1525
1988
4357
4200
4200
4263
879
1627
1543
1543
2081
2170
2170
5654
5654
5654
3846
3846
3846
3846
3846
35853
35853
12816
12816
12816
12816
12816
25521
25521
1627
1627
1627
1627
1627
2509
2509
2509
2509
2509
50
50
50
50
50
1592
1592
1592
1592
1757
1757
2253
2253
2253
2253
2253
4275
5920
5920
5920
5920
1768
1768
12067
11667
12067
12067
12067
12586
12586
13081
13081
12888
12888
12888
12888
12586
12586
12586
12586
12586
12586
12586
12586
12586
12888
12888
12888
12888
13088
13088
13088
13088
12816
12816
12816
12816
12816
12816
12816
12816
3820
3820
3820
14258
14258
14258
14258
3820
3820
3820
3820
3820
3820
14099
14099
14099
14099
14099
14099
14112
14057
14057
14057
741
13740
13740
13740
13740
13740
13740
8481
8481
8481
8481
8481
1579
1579
1579
1579
13500
13500
13500
13500
13500
14099
14099
14099
14099
14099
12241
741
741
741
741
12319
6018
6018
6018
6018
6018
13740
14491
14491
14491
14491
14491
14491
14491
14461
14461
12813
12888
14254
14254
13088
12822
12822
12586
12586
13152
13152
4630
13318
13511
13511
12586
12586
12586
12586
12586
5920
5920
13172
5920
5920
5920
5920
5920
4275
13420
13420
13420
5920
5920
5920
5920
634
634
5039
5039
5039
5039
5039
5039
14848
14848
14848
14848
14848
14848
634
634
634
634
634
634
634
634
634
634
634
13226
13226
13147
13147
13420
13420
13420
13420
13420
5504
14491
14491
14491
14491
14491
14491
14373
14373
14373
14373
14373
14373
14373
12799
12799
12799
12799
12799
12799
12586
12586
12586
13147
13147
13147
13147
13147
5920
5920
5920
5920
5920
5920
5920
5920
5920
5920
7883
7883
7883
1768
1768
1768
1768
1768
10722
10722
10722
10722
10722
10649
10649
10649
10649
11349
11349
11349
12067
12067
12067
12067
12067
12067
12067
12078
12078
12078
12078
12078
12067
12067
12067
1219
1219
1219
10722
8623
8623
8623
8623
8623
8623
8995
8995
8995
8995
8995
12067
12067
928
928
928
928
928
10790
10790
10790
10790
10790
10790
10878
10878
8623
8623
9419
9419
9419
9419
9419
9419
5725
5725
5725
9767
9767
9767
9767
10937
10937
10937
10937
10937
10937
10937
10937
614
10981
11349
11349
11349
614
614
29076
29076
11349
11349
614
614
614
614
614
2402
2402
2402
2402
2402
10231
10231
10231
10231
10231
10251
10251
10251
10251
10251
11995
11995
11995
11995
11995
11995
12067
12067
12067
12067
12067
12067
12067
12067
12067
12067
8720
8623
8623
858
10336
10336
10336
11349
11349
11349
11349
35853
35853
35853
35853
35853
11191
11191
11191
11191
11191
10212
1219
1219
10532
1219
1219
1219
1219
10562
10562
10562
10562
10554
10554
8509
8332
5654
5654
5654
5654
5654
5654
9341
9341
9341
9341
9341
9341
2140
2140
1219
1219
10722
8332
9341
9341
9341
9341
10649
88
88
10247
10247
10247
10247
10247
10247
21162
21162
21162
21162
21162
21162
88
88
88
88
88
88
21024
21024
18107
18107
18107
18107
18088
18088
18088
17967
17967
17967
17967
17967
20461
20107
20107
20250
21274
21875
21875
21875
21875
17967
17967
18720
18720
18720
18720
18720
18720
18720
18720
18723
18723
18723
6970
21330
21330
21802
18720
18720
18720
18720
18720
18720
18723
6970
534
534
534
534
18107
21327
21327
21327
21327
21327
21327
22088
22088
10247
10247
10247
10247
20107
20107
20107
20461
20461
20461
20461
20461
21562
21562
21300
21300
21300
21300
21300
21300
21802
21802
21802
21802
21802
21802
16717
20540
918
918
918
918
18088
18088
18088
18088
19315
7969
1058
20540
20540
20540
1058
1058
1058
1058
19315
19315
19315
19315
7969
7969
7969
2964
2964
21176
21176
21176
21176
21802
19723
19723
19723
19723
19794
19794
19794
810
810
810
810
810
21173
18220
18220
18220
18220
18220
18602
18200
18142
18142
18142
18291
18291
18291
18496
1457
1457
1457
1457
1457
1457
18238
18238
18238
6378
1457
18238
18238
18238
21134
21134
21134
21134
21134
21134
21874
21874
21874
21874
534
534
534
534
7131
7131
35853
35853
1132
1132
21137
21137
21330
21330
21330
21330
21330
20250
20107
20107
20021
20021
20021
20021
20021
20107
20461
20107
21134
21134
21134
17820
10460
10460
10460
10460
10460
10460
10460
10460
3984
3984
3984
3984
3984
16240
14848
14461
14461
14461
14717
14491
14373
14373
5205
5205
5205
16717
16717
15120
16174
16174
16174
16174
16174
15120
15120
15120
15120
15120
14883
14883
314
314
314
9335
9335
16065
16065
16065
858
858
858
858
858
5205
5205
5205
5205
5205
16066
16066
16066
16066
16066
17199
17199
17142
17142
17142
17142
16240
16240
16240
16240
16240
10460
10460
10460
10460
10460
10460
15405
15405
4968
4968
314
314
4065
4065
4065
4065
4065
17737
13515
15560
15560
15560
15560
15560
16459
16459
16459
16459
16459
16342
16342
16342
14194
14194
14194
17725
17725
17725
7006
35853
35853
35853
35853
35853
16919
16919
16919
16919
4719
4719
4719
4719
4719
17011
15405
15405
16459
17059
16919
16991
4065
4065
4065
4065
17737
17737
2829
2829
2829
2829
2829
15948
15948
15948
15880
15880
15880
15880
15880
3984
3984
3984
3984
3984
3984
17823
17823
17823
17823
17823
17823
15742
15742
15742
15948
15948
15948
10460
10460
10460
10460
10460
10460
10460
10460
10460
10460
10460
10460
10460
16565
16565
16565
16565
16565
10460
27116
27116
27116
27116
27116
27116
27116
26874
26874
27083
27116
27116
27116
27116
27116
2095
467
467
27116
26839
26839
26839
26839
26839
26839
26793
26793
26793
26793
26793
26793
26988
26988
1298
1298
1298
27807
27097
27097
27097
27097
27097
25066
25066
25066
25066
25066
25066
25066
25132
25132
25132
25132
25132
25132
5204
5204
26401
26401
26401
26401
26401
26401
26401
26401
1298
27810
27810
904
904
904
904
24994
24994
24994
26251
26251
26251
26251
26026
26026
26222
26401
26401
26401
26401
26401
26760
1298
26573
26573
26573
26573
26573
27194
27194
27231
27406
27406
27406
27406
27406
27406
27406
27406
27648
25541
25541
25579
25579
26573
26573
26573
26573
26573
26573
26573
26573
26877
26877
26877
27406
27406
27406
27406
1584
1584
1584
1584
25894
25894
346
346
346
346
25462
25462
25462
6
6
1298
1298
1298
1298
1298
27712
27712
27712
27712
27712
27712
27712
1298
1298
1298
1298
1298
1298
6
6
6
6
6
6
6
6
27816
27816
27816
27762
26470
26470
26470
26470
27116
1584
1584
1584
1584
1584
1584
1584
1584
25521
25521
25521
25521
25521
25521
26839
1298
27760
27835
27835
27835
1298
1298
1298
33068
33068
33068
27814
27814
27814
27814
27814
27814
1298
1298
1464
1464
1464
1464
1464
1225
1225
1225
1225
1298
27816
27816
27816
1298
25521
25521
25521
25521
25521
25521
25894
25894
25894
25841
25833
25833
25833
25833
346
346
346
346
346
346
27593
27593
27593
27593
27593
23129
607
5720
5720
5720
5720
5720
5720
22637
22637
13609
13609
9551
22604
22604
5720
5720
23129
23129
23129
23129
23570
23570
23570
23570
23145
23145
23145
23145
23249
22490
22490
22430
22699
22699
22959
22846
22846
22319
22319
22319
22319
22319
22319
9701
9701
9701
9701
22580
22699
22699
22545
1550
1550
1550
1550
1550
24180
24180
24180
149
149
149
149
149
22444
22462
22342
19856
19856
19856
19856
19856
19856
4956
4956
4956
4956
24736
24736
24736
24219
24219
24219
24219
24219
24219
2116
23829
23829
23829
2116
2116
2116
2116
2116
23662
23662
23662
23662
23891
23891
22545
22545
22545
23792
24319
24180
24180
24208
24208
24208
22342
24560
24560
24560
24560
24479
24479
24328
24328
24328
24328
22430
2534
2534
2534
2534
13609
13609
13609
13609
22686
22901
24806
24806
13609
22742
22742
22742
35853
1550
1550
22490
22490
22490
22490
22580
22430
22430
22444
22444
22444
22557
22557
22557
22557
22557
25066
25066
35853
35853
22699
22699
22699
22699
22699
22699
22901
22901
22901
22901
22901
22479
22479
22479
22479
22479
22088
22088
22088
22088
22088
22062
605
605
22086
22086
22094
22342
22342
22342
22342
22342
22815
22815
22815
22815
22815
22815
22815
22950
22950
22950
437
437
437
437
1
1
14777
14777
14777
14777
14777
14777
14777
30457
30015
30015
20591
20591
20591
20591
30279
30245
30159
30245
30245
30245
30245
30692
30692
30692
30692
30692
15758
15758
15758
15758
15758
30816
30816
30816
30816
30916
30916
30916
30916
30916
30932
30932
30932
30932
30932
30928
30928
30928
30928
30690
30690
30871
30871
30871
30871
30871
30865
30865
30865
30865
3146
3146
3146
3146
3146
3846
3846
3846
3846
3846
1219
1219
13110
13110
13110
13110
534
534
1298
1298
1501
1501
1501
1501
1501
35305
35305
35305
35305
35305
1466
1466
31350
31350
31350
31350
31350
31350
31204
31204
31204
31204
31204
31204
23285
6032
6032
6032
6032
35131
35131
35131
14777
9847
9847
29983
29983
29983
29983
29983
20647
20647
20647
20647
20647
30391
30391
30391
20591
20591
20591
20591
20591
20591
30015
30015
30015
30345
31228
31228
31286
31192
31192
31344
31158
31158
31158
30341
30341
30341
30341
30341
30341
30159
30159
30159
30159
1993
31390
31390
31192
31192
31192
31192
31192
31269
31286
31286
31286
31286
31286
30916
30916
30916
5580
30816
30816
30916
30916
30785
31304
31304
31304
31304
31304
31398
31398
31204
31204
31204
31363
35682
35682
31090
31090
31090
31090
31090
31090
30904
7975
7975
1298
1298
1298
1298
1298
1298
14777
14777
14777
14777
14777
14777
14777
14777
14777
14777
14777
14777
14777
28001
33089
33089
33089
33089
14777
14777
14777
14777
14777
14777
28001
28001
28001
28001
28001
28001
28139
13915
13915
13915
13915
10489
14777
14777
14777
14777
14777
14777
14777
14777
14777
14777
14777
14777
14777
4742
4742
4742
28979
29377
29377
29377
29377
29377
29377
29329
29329
14777
14777
14777
14777
14777
14777
14777
14777
14777
14777
14777
14777
14777
14777
14777
14777
14777
14777
14777
14777
14777
14777
14777
14777
14777
14777
14777
14777
14777
14777
14777
14777
14777
14777
14777
14777
14777
14777
14777
14777
14777
14777
14777
14777
14777
14777
14777
14777
14777
14777
14777
14777
14777
14777
14777
14777
35141
35160
35300
35300
35300
35305
35305
35305
35305
35305
35306
35306
35306
35306
35299
35299
35299
35299
35299
35310
35310
35310
35310
35310
29331
29331
29331
29331
35853
35853
29536
29536
29536
35313
35313
35313
35337
35337
35337
35337
35338
35338
35338
35386
35386
35386
35386
35386
35386
35386
35386
30883
30883
30883
35393
35393
35393
35393
35393
35393
35394
35394
35394
35394
35416
35416
35416
35416
14777
14777
14777
14777
14777
14777
14777
14777
14777
14777
14777
14777
28567
29329
29369
29369
29369
29369
29369
3846
3846
3846
11777
11777
25095
25095
25095
3345
3345
3345
3345
28721
28721
28721
28721
28721
28465
28465
28465
28465
28539
28539
19033
29620
29620
29625
29625
35300
28405
29842
29842
19033
19033
19033
19033
19033
19033
29834
3518
3518
28685
28685
28685
29076
29076
29076
29076
29076
29076
35853
35853
29076
29076
29076
29076
29076
29076
29076
29693
29693
29693
29693
29693
29865
29865
29865
29865
29865
13550
13550
13550
35379
35379
35379
35386
35386
35386
35386
35386
35239
35239
35239
35239
35418
35418
35418
35418
35418
35379
35379
35379
35379
35159
35159
35159
696
696
696
696
696
5066
5066
5066
5066
5066
35198
35198
35198
35198
35198
35228
35228
35228
35228
35228
35228
35308
35308
35308
35308
14777
14777
14777
958
958
35320
35320
35320
35320
35320
35320
35320
35324
35324
35324
35314
35314
35314
35314
35314
35314
35328
35328
35328
35328
35328
35328
35322
35322
35322
35351
35351
35351
35351
35351
35351
35351
35351
35351
35351
916
916
916
916
916
308
308
308
308
308
35334
35334
35334
35334
35334
35613
35613
35613
386
386
386
386
386
5827
5827
5827
5827
5827
35498
35498
35498
35498
35498
35498
23468
23468
23468
23468
23468
23468
35321
35321
35321
35321
35308
35333
35333
35333
35333
35333
35334
35334
35334
35335
35335
35335
35336
35336
35336
35336
35336
35350
35350
35368
35368
35368
35368
35368
35369
35369
35369
35369
35369
308
308
308
308
35349
35381
35381
35381
35381
35381
35398
35398
35408
35408
35413
35413
35413
35413
35418
35421
35421
35421
35301
35311
35311
35853
35853
35321
35321
35324
35447
35514
35514
31357
35296
35296
35296
35296
35382
35480
35480
35480
35480
35480
35480
3444
423
423
35474
35474
35610
35610
35610
35615
35615
35615
35615
336
336
336
35630
35630
35630
35630
35853
35439
35439
35439
35439
31195
31195
31195
31195
31195
31195
33817
33817
33817
340
35149
35149
35149
35149
35149
35149
8389
8389
8389
8389
33387
33387
33387
33387
33387
33387
33387
33387
33387
33387
33387
33457
33457
33457
33457
33457
33457
3890
3890
3890
3890
3890
9332
9332
9332
9332
9332
9332
9332
9332
9332
9332
9332
9332
9332
3890
3890
3890
31449
31449
31449
31449
3172
17825
17825
17825
33068
33068
33127
33127
33059
33059
33064
33064
33064
33048
33048
33048
33048
33048
8485
1501
1501
1501
1501
1501
30880
30880
30880
30880
30880
33478
33478
33478
33457
33457
1501
1501
34211
34211
34211
34211
34211
34351
34351
34351
34351
34351
34447
34447
34447
34447
34199
34199
34199
34199
34199
33387
33387
8576
8576
8576
8576
8576
8576
31722
31722
31722
31722
31722
31722
31722
31722
31722
31722
34211
34211
34211
34211
33762
33762
22763
22763
22763
22763
33762
33762
33762
33590
33590
33590
8576
33022
33022
33022
33022
33022
33022
34587
34587
34587
34587
1149
33762
33762
33762
33762
33762
33762
33590
33590
33590
33590
33590
33590
33619
33619
31722
31722
31722
33048
33048
33048
33048
33048
33068
33068
33068
33068
33068
33059
33059
33059
33059
33059
33059
33064
33064
1501
1501
1501
1501
1501
1501
33127
33127
33127
33127
33127
1609
1609
1609
1609
1609
34589
34589
2629
2629
2629
34937
34937
34937
33736
33736
33736
33089
33089
34587
31722
1149
1149
1149
1149
1149
1149
30880
30880
30880
30880
30880
30880
7987
7987
7987
7987
34037
1052
1052
1052
1052
1052
1052
551
551
551
551
551
551
8251
8183
8183
33189
33189
21481
21481
21481
21481
3659
8720
8720
3659
1052
1052
1052
551
551
551
581
581
33193
35198
35198
35198
5066
98
98
98
98
35198
35198
21481
581
33193
33193
33193
581
581
581
581
581
35294
35294
35294
35104
98
98
2182
33351
33351
33351
33351
33351
33351
31398
31398
31398
1052
33189
33478
33478
33478
33478
33478
33478
1401
1401
1401
1401
35651
35651
35651
35651
35672
35672
35651
35651
35651
35651
2057
2057
2057
35625
35651
35651
35651
35651
35651
35680
35680
35680
35680
35680
35680
35691
35691
35691
35680
35680
3096
35736
35736
35853
35853
302
302
308
308
308
308
1076
1076
1076
35736
35736
346
346
346
346
35651
35651
2057
2057
